-0.69389160 -0.68462868 0.97098223 0.80899546 -0.62784347 -0.46458097 -0.33189769 0.28918374 -0.49718552 0.27041277 -0.97786964
0.15959556 0.23762245 -0.26445575 -0.48366542 -0.61129962 0.10504079 0.65126160 0.00690041 0.37511975 0.51909782 1.30876209
0.28460798 -0.22999138 -0.83979221 0.61497968 0.62294803 -0.89834192 0.18850355 0.93652477 0.97243450 0.63959582 -1.36305684
0.37976271 0.24647682 0.19846128 0.36318537 0.67744915 -0.07997859 0.09547314 0.91299450 -0.43204122 -0.03127937 -2.17118480
0.62627140 0.21363610 0.27034364 -0.16656663 0.56248942 -0.39155693 0.51939204 -0.20019276 0.50711281 0.20476838 1.79752629
-0.11716175 0.19133923 0.83472348 0.80491100 0.16214792 0.86486115 0.38001767 0.91795804 -0.92475017 -0.07520445 -3.51695447
-0.91490818 0.93616712 0.27267101 -0.82406505 0.63834123 -0.74568282 0.32772740 0.78711897 -0.70988404 -0.00052288 4.93273898
-0.04452743 -0.32742685 -0.86977860 0.07351412 0.27947179 -0.42266546 -0.78552668 0.11894244 -0.71519891 -0.62525082 -2.04537661
-0.65554271 0.09747139 0.19447541 0.98033961 0.86452168 -0.16800108 -0.67531235 -0.02246525 -0.62382374 0.34779081 0.39852266
0.79713084 -0.41683350 -0.81535333 0.70570688 -0.50139654 0.69125663 -0.92688993 0.95698898 0.03486027 0.96529948 -7.59445308
0.81492827 0.22330191 0.41448103 -0.43228035 -0.18277568 -0.23240798 0.05427554 0.44067321 0.06988939 0.89815776 -0.49290053
-0.62449680 0.46587523 -0.14668456 -0.81246718 -0.44677225 -0.04553484 0.09728967 -0.96019652 -0.06084338 -0.62101537 4.75746258
0.20378787 0.14101412 0.58647447 -0.05786123 -0.04668170 0.48404462 0.27021878 0.60767536 -0.32841097 -0.42928167 -1.91561408
-0.64837575 -0.69110096 0.55796314 -0.39190375 0.32325210 -0.33020615 -0.40766202 -0.24660273 -0.58101448 0.33563529 1.32732897
-0.01737368 -0.50497116 0.32690298 -0.33469192 0.77971605 -0.22505428 -0.53437457 -0.78810753 -0.32531813 0.46294280 1.43936318
-0.48846457 -0.46834654 0.01012396 0.06274599 -0.33271403 0.10976983 -0.77294453 -0.67397778 -0.74035007 -0.40550862 -0.54838072
0.59788211 0.04665140 0.97704200 -0.64834148 -0.82455155 -0.45433162 0.64366433 -0.35511987 -0.57152047 0.99431274 1.99615572
0.64559639 0.22374932 -0.86481671 0.69257904 0.72491185 -0.79509608 -0.99980232 -0.03046584 0.36219171 0.32861193 -1.29070326
-0.15935944 -0.50739472 0.46043421 0.69421585 0.74725023 -0.22652106 0.57583625 -0.42087392 -0.87131336 0.09371025 0.64512244
0.39141704 -0.16716011 0.36433653 0.12866224 -0.92629160 0.69301763 -0.80934612 -0.81290617 0.62510770 0.32945231 -1.46076947
0.19419546 0.03910860 -0.96603193 -0.92110165 0.53958940 0.03696601 0.73513219 -0.77479684 0.49374647 -0.17578306 3.15740163
-0.20620685 0.97026135 0.60020065 -0.12956932 -0.14535700 -0.84830061 -0.49027332 0.62952604 -0.22090731 0.14068674 2.09415249
-0.07106957 -0.53596891 -0.76591311 -0.07276821 -0.40497745 -0.33573756 0.73441155 0.73056564 -0.76463174 0.72283056 -1.53555517
0.70323620 0.16244966 0.31630182 -0.77003795 -0.38598761 -0.04156225 0.62881527 -0.35155591 -0.73833942 -0.93697332 0.55848012
0.11468532 -0.08116210 -0.07772588 0.14591643 -0.47509885 -0.31856532 0.54099517 0.07964402 -0.68496398 -0.33267861 -0.47498872
-0.62915254 -0.61823866 0.32945766 -0.79355847 -0.32335014 -0.31829881 0.30268290 0.90394351 0.38550997 0.46701161 0.57507511
0.36054077 0.84029694 -0.90398749 -0.69703598 -0.68564199 0.48621483 -0.18763252 -0.58461983 0.96357499 0.33717643 1.91087445
-0.40877716 0.15144960 0.56006060 -0.18782047 -0.92373345 0.99156705 0.36818074 -0.30504761 -0.52350873 -0.25164734 0.26389249
0.46775101 0.84713623 0.16945219 0.47986455 -0.03375599 -0.45303859 -0.42487584 0.10956539 -0.50203192 -0.77247648 -0.59616775
-0.84943045 -0.47322692 -0.44933591 0.91657676 -0.30989918 -0.11128579 -0.40442402 0.13981246 0.38292206 0.36544837 -0.80355974
-0.24903088 -0.21140767 -0.88027209 -0.47645187 -0.30324869 0.75953007 0.39443818 -0.47254478 -0.49679267 -0.07537227 -0.01446656
-0.08395741 -0.30793938 -0.71469897 -0.26815223 0.71483520 0.94776874 0.77957413 0.29817088 -0.48195224 -0.96219572 -2.18883123
-0.30565141 -0.45048823 -0.96403391 -0.94794518 0.21527734 0.90092813 0.41741087 0.48657650 0.43218447 -0.66240204 -1.67812727
-0.56891012 -0.08248846 0.17697135 -0.81365460 -0.48115776 -0.92562703 0.53265155 0.37033613 0.49834021 0.09513445 3.55063935
-0.78576853 0.06884408 0.09792403 0.51601957 0.71439359 0.74438260 -0.72345967 0.41431135 0.03502321 -0.54756576 -1.44572498
0.72233825 -0.24672596 -0.48964914 -0.12835242 0.53155367 -0.98346845 0.87354118 -0.54434191 0.15991582 -0.61054443 1.64389345
-0.18110654 -0.68872827 -0.57397462 -0.56440098 -0.82402816 0.48724192 0.22446579 -0.02323132 0.16607690 -0.82242979 -1.75342737
0.73506040 0.58281106 0.82659011 0.76175326 0.93846257 0.79252736 -0.44211521 0.22825616 0.54348224 -0.48807902 -2.42086877
-0.46001437 0.94826179 0.15870543 0.54020479 0.75865612 0.18669434 0.18630295 0.30935257 0.64515121 -0.14941076 2.16263578
0.87531448 -0.83990773 -0.22239509 0.31293248 0.70521020 -0.09976320 -0.82221386 -0.26657216 0.25465946 -0.26966294 -3.68979591
0.88171545 0.14229750 -0.50814472 0.92191059 -0.97551619 -0.45515013 -0.47931946 -0.72446562 -0.62803635 0.27806019 -1.88712534
0.81340460 0.52314838 0.88231249 0.51620686 0.58073773 -0.27985687 0.13550465 0.54785359 -0.40406311 -0.36435220 -1.41064358
-0.80011183 -0.19609146 0.15482247 -0.98829894 -0.13252730 -0.19867795 0.80549520 -0.91452830 -0.29474777 0.65148929 5.69928614
-0.41164829 0.94214692 0.08935958 0.02309567 0.56568591 0.60974498 0.12082718 -0.77665832 -0.40759519 -0.45778916 3.28324606
0.58720938 0.38259567 -0.52680865 -0.08318727 -0.78332233 -0.56169937 -0.16267220 -0.06231096 -0.16225635 -0.61936661 -0.57859885
0.62797759 -0.52202981 0.41769025 0.01809674 0.84106919 -0.33287609 -0.98615127 -0.47393630 0.52442397 -0.52863373 -1.13994365
-0.89194896 0.38669416 0.95719448 0.34219974 -0.88358274 0.40739141 -0.58556913 0.81023708 0.64346252 0.11319001 -0.38707430
-0.50813307 -0.62933504 -0.14324457 0.81717974 0.19624565 0.50074875 0.20725590 -0.19088374 0.19409528 0.11268949 -1.09725645
-0.62978348 0.21380715 -0.90825513 -0.34132347 0.74867441 -0.00858200 -0.50322803 -0.53037052 0.96962836 -0.16070491 3.13412929
0.57913186 0.01647908 0.93920629 0.75385700 0.12610528 0.53898612 -0.08299910 -0.40082362 0.68096523 -0.51270065 -1.44264211
0.03714465 0.64512979 0.82021850 -0.70530984 -0.30310748 0.03030446 -0.93018079 -0.42783762 -0.93877750 0.61758659 2.01992671
-0.23201824 -0.53375195 -0.48501111 0.63986561 -0.49678006 0.72664742 -0.93781772 -0.73387427 -0.40794761 -0.99940421 -3.28476493
0.71345745 -0.21300900 -0.69153210 0.64299653 -0.13119304 -0.93898313 0.31460627 0.05294111 -0.59695061 0.99561144 -1.05873638
-0.09664961 -0.97392310 -0.63433860 0.48977365 0.16762834 -0.20839517 -0.96982039 -0.52880094 0.16874045 0.25317612 -2.03114556
0.18107865 -0.57641930 -0.66555605 0.83374834 -0.59509167 0.27412354 -0.59256966 0.22035114 0.28574460 0.34789680 -4.48922124
0.23253640 0.77190489 0.06371777 -0.04205403 0.97122112 0.80470442 -0.37970910 0.74747394 -0.84130514 0.03694749 -2.29382288
-0.19929567 0.07888023 -0.56980069 0.19652530 -0.72097594 -0.67342277 0.20732936 0.00069405 -0.28189042 -0.24716935 0.83180363
-0.00353263 0.02405821 -0.69698229 0.64615857 0.63300126 -0.10812353 0.01803360 -0.07117908 -0.76999523 -0.00176971 -0.79417773
-0.86785032 -0.66705934 -0.25376480 -0.94190499 0.55440209 -0.89216516 0.90693241 0.15861953 0.23072964 -0.26896571 3.88004132
0.27000333 0.88059129 -0.48210588 0.49324785 -0.34988711 0.61011746 -0.42986466 -0.00332135 -0.71967674 0.34155996 -1.64017307
0.08833604 -0.52973230 0.35370429 -0.61858823 0.23335128 -0.06686790 0.59479170 0.66484152 -0.12471978 -0.65540510 -1.00763141
0.03636280 -0.22759231 -0.78103203 -0.84499373 -0.33440814 -0.21669435 -0.09600599 0.26960099 -0.22526278 0.82370309 -0.24446695
0.07924976 -0.40568697 -0.72881161 0.94665977 -0.94876374 0.68189024 0.87110239 -0.68072463 -0.82539889 -0.63113341 -2.24209339
-0.38378290 0.74888244 0.58066376 -0.52082503 -0.14363195 0.03452998 -0.77890470 0.47566430 0.88743421 0.57574977 1.73519526
0.39905076 0.70352756 0.78871857 -0.65371588 -0.92260428 -0.27143571 -0.82568244 -0.68825306 -0.17811844 -0.03180700 1.95895561
-0.15145141 0.72619930 0.53393034 -0.33064782 0.20404486 -0.39419743 -0.97780398 0.82913236 -0.24850562 0.64883080 0.35881197
0.73317205 -0.53871473 -0.73689368 -0.98529596 -0.75243561 0.29056520 0.36926786 -0.72467355 -0.40878731 -0.88087201 -1.36258747
0.39279091 -0.53909744 0.80965373 0.76959312 0.69279431 0.04834154 0.27382419 0.14982760 -0.15047320 -0.44972551 -2.45376417
0.37259285 0.27417209 0.99915456 -0.38407785 -0.38317548 -0.61852131 0.70800281 -0.38990670 -0.72628419 0.92305562 3.15766505
0.28441314 0.81723303 -0.06245586 0.35557900 -0.92174396 -0.02016142 0.23617480 -0.52600596 0.87609149 -0.57921493 1.68949854
0.80016006 0.27398157 -0.76205410 -0.93101515 -0.25640409 0.12187856 0.57193383 0.36193322 0.75649957 -0.71823614 -0.79496979
0.87593852 -0.56681695 -0.52959305 -0.71777668 0.02855542 0.32478286 0.86428226 0.11598875 0.67378642 0.30900887 -1.55549938
0.55488070 -0.76390680 -0.79319320 -0.34221675 0.15169422 -0.84685286 0.23811072 -0.02225690 -0.77448639 -0.45368993 -1.49455420
0.29102807 0.18397152 0.18439383 -0.42420692 -0.01932075 -0.98295964 0.52021821 -0.19706341 0.02086185 0.01174878 3.06201142
0.46837101 0.87573654 -0.68005267 0.89599878 0.96014387 0.19573366 -0.78943425 0.61277224 -0.89470331 0.16128984 -3.24294872
0.39494013 -0.12399647 0.66337679 0.89672227 -0.91460447 -0.85785400 -0.67911299 -0.96290921 -0.45703583 0.61818482 0.19829772
-0.34125967 0.90432268 0.86518747 0.33351063 -0.92962538 -0.05993574 -0.72356234 -0.66777798 -0.70181537 0.71534127 2.57096803
-0.62173701 -0.94090440 0.99686805 0.95893069 -0.19917142 0.99247379 -0.74922883 -0.71701486 0.64368930 -0.57642094 -1.92863064
-0.91307890 -0.91179462 -0.57122142 0.38649752 0.95322792 -0.36492210 0.67124563 0.87210224 -0.16420555 0.41477495 -0.52132597
0.72402769 0.04241147 0.57871417 -0.34671768 0.81016573 -0.96781344 0.47683523 -0.25948838 0.55455202 -0.26563177 2.55234597
