0.17626160 0.79542746 0.78306146 0.63167495 -0.92822083 0.38351516 -0.24263812 0.03702189 0.31590293 -0.61229956 -1.44997343
-0.45536720 0.43721187 0.56600722 0.70065528 0.55048979 -0.92667139 -0.76661253 0.50256140 -0.52156357 -0.49038797 1.92381748
0.71525106 0.89955805 0.12337372 -0.64243896 0.54050387 -0.01523792 0.26250613 0.67899585 -0.07792121 -0.00411985 1.14613213
0.35882224 0.30157183 -0.46240952 -0.86535067 0.54289028 -0.03803174 -0.34158718 0.02128211 -0.47274234 -0.37897690 4.89474897
0.25370688 0.11489962 -0.36284088 -0.21031356 -0.48405083 0.16448225 -0.67674258 0.19626764 0.65164715 -0.68721656 1.01496970
0.46860104 -0.18271314 0.55737581 0.60794114 0.57214289 0.18457404 0.32897841 0.29313457 -0.14872704 0.02713667 -2.09755630
0.00251569 -0.92583238 0.41623219 0.24086120 0.55561707 -0.08118107 -0.24038889 -0.41621559 0.11445772 -0.83167280 1.00349435
0.26256334 0.88914098 0.78247507 0.75716516 -0.31049675 0.40620106 0.05467521 0.31863391 -0.46341873 0.21553416 -1.94029795
-0.90368526 0.39100128 -0.40145624 -0.66872889 -0.33549612 -0.66912451 0.82927596 -0.43194999 -0.78478547 -0.76599646 4.38162443
0.51104720 0.67778892 -0.92892595 -0.75711246 0.78201611 0.03018447 0.84883802 0.16248526 0.54651277 -0.15464621 1.50884198
